------------------------------ Bisection Method ------------------------------
        Iteration                    x                      f(x)           
            1               -2.3499999999999996      0.9526312499999925    
            2               -2.3249999999999993      0.4358285156249835    
            3               -2.312499999999999       0.1880035400390483    
            4               -2.3062499999999995      0.0666926284789966    
            5               -2.3031249999999996     0.006682281589498018   
            6               -2.3015624999999993     -0.02316227340103616   
            7               -2.3023437499999995     -0.008253361194960007  
            8               -2.3027343749999996     -0.000788882593051099  
            9                  -2.3029296875        0.0029458636171142416  
           10               -2.3028320312499995     0.0010782815646930288  
           11               -2.3027832031249993    0.00014464725185092675  
           12               -2.3027587890624996    -0.0003221307287297748  
           13               -2.3027709960937495    -8.874500301736532e-05  
           14               -2.3027770996093744     2.795030826518996e-05  
           15               -2.302774047851562     -3.0397551407546075e-05 
           16               -2.302775573730468     -1.2236725854819497e-06 

Root --> -2.30277    Iteration --> 16
--------------------------------------------------------------------------------------------
            1               -1.6499999999999988      0.09900000000002152   
            2               -1.674999999999999       -0.3308124999999791   
            3               -1.6624999999999988     -0.11325781249997924   
            4               -1.6562499999999987     -0.006469726562478684  
            5               -1.6531249999999988      0.04642956542970822   
            6               -1.6546874999999988     0.020021072387715222   
            7               -1.6554687499999987     0.006785966873190219   
            8               -1.6558593749999986    0.00016069436075660803  
            9               -1.6560546874999986    -0.0031538724601052337  
           10               -1.6559570312499985    -0.0014964281506593125  
           11               -1.6559082031249985    -0.0006678266715951509  
           12               -1.6558837890624987    -0.0002535560997571906  
           13               -1.6558715820312486    -4.6428355606309424e-05 
           14               -1.6558654785156235     5.713363104575819e-05  
           15               -1.6558685302734362     5.352794836710473e-06  

Root --> "Failed" Found Extreme Point, Not A Root    Iteration --> 15
--------------------------------------------------------------------------------------------
            1              -0.049999999999998476     0.3069999999999904    
            2              -0.024999999999998475     0.15181249999999064   
            3              -0.012499999999998474     0.07546093749999074   
            4              -0.006249999999998474     0.03761621093749079   
            5             -0.0031249999999984736    0.018779174804678316   
            6             -0.0015624999999984735    0.009382308959951765   
            7             -0.0007812499999984735    0.004689329147329701   
            8             -0.00039062499999847347   0.0023442075252441334  
            9             -0.00019531249999847345   0.0011719894111064855  
           10             -9.765624999847345e-05    0.0005859661064950418  
           11             -4.8828124998473446e-05   0.000292975902082552   
           12             -2.4414062498473445e-05  0.00014648616307197607  
           13             -1.2207031248473444e-05   7.324263451840042e-05  
           14             -6.103515623473444e-06    3.662120549864007e-05  
           15             -3.0517578109734435e-06  1.8310574805404188e-05  
           16             -1.5258789047234434e-06   9.155280413245746e-06  

Root --> 0.0    Iteration --> 16
--------------------------------------------------------------------------------------------
            1               0.9500000000000015       0.43700000000001626   
            2               0.9250000000000015       0.1826875000000152    
            3               0.9125000000000014       0.06216406250001327   
            4               0.9062500000000014      0.0035400390625133227  
            5               0.9031250000000015      -0.025365112304673865  
            6               0.9046875000000014      -0.010946365356431897  
            7               0.9054687500000014     -0.0037116260528433642  
            8               0.9058593750000015     -8.790993689089532e-05  
            9               0.9060546875000015      0.0017255353629730408  
           10               0.9059570312500015      0.0008186804242571455  
           11               0.9059082031250014      0.0003653521728832487  
           12               0.9058837890625014      0.0001387128504708457  
           13               0.9058715820312515     2.5399389930846894e-05  
           14               0.9058654785156265     -3.125579019158664e-05  
           15                0.905868530273439     -2.9283293088155915e-06 

Root --> "Failed" Found Extreme Point, Not A Root    Iteration --> 15
--------------------------------------------------------------------------------------------
            1               1.3500000000000019       0.3143812500000127    
            2                1.325000000000002       0.14154726562501363   
            3               1.3125000000000018       0.06056213378907316   
            4               1.3062500000000017      0.021395265197764246   
            5               1.3031250000000019      0.0021392518043636954  
            6                1.301562500000002      -0.007407398217905481  
            7                1.302343750000002     -0.0026408381160232253  
            8               1.3027343750000018     -0.00025248549353662497 
            9               1.3029296875000018      0.0009429599321570947  
           10               1.3028320312500017     0.00034513143084957676  
           11               1.3027832031250017      4.629652371157533e-05  
           12               1.3027587890625019     -0.00010310109587674532 
           13               1.3027709960937517     -2.8403938857834987e-05 
           14               1.3027770996093766      8.94587922850576e-06   

Root --> 1.30277    Iteration --> 14
--------------------------------------------------------------------------------------------
