[User Input Linear Equation]
          2                     2                     2                     4           
          2                     -1                    1                     -1          
          -1                    -1                    2                     -5          

[Updated Linear Equation]
          2                     2                     2                     4           
          2                     -1                    1                     -1          
          -1                    -1                    2                     -5          

==========================================================================================
[Updated Linear Equation] [1]
          2                     2                     2                     4           
          2                     -1                    1                     -1          
          -1                    -1                    2                     -5          

[Updated Linear Equation] [1]
          2                     2                     2                     4           
          2                     -1                    1                     -1          
          -1                    -1                    2                     -5          

Elementary Matrix [1]
         1.0                   0.0                   0.0          
         -1.0                  1.0                   0.0          
         0.0                   0.0                   1.0          
==========================================================================================
Pre Multiply Matrix [2]
          2                     2                     2           
          2                     -1                    1           
          -1                    -1                    2           

After Multiply Matrix [2]
         2.0                   2.0                   2.0          
         0.0                   -3.0                  -1.0         
         -1.0                  -1.0                  2.0          

Elementary Matrix [2]
         1.0                   0.0                   0.0          
         0.0                   1.0                   0.0          
         0.5                   0.0                   1.0          
==========================================================================================
Pre Multiply Matrix [3]
         2.0                   2.0                   2.0          
         0.0                   -3.0                  -1.0         
         -1.0                  -1.0                  2.0          

After Multiply Matrix [3]
         2.0                   2.0                   2.0          
         0.0                   -3.0                  -1.0         
         0.0                   0.0                   3.0          

Linear Equation Final Solution [3]
          1           
          2           
          -1          
