[User Input Linear Equation]
          3                     -1                    1                     4           
          0                     1                     -1                    -1          
          1                     1                     -2                    -3          

[Updated Linear Equation]
          3                     -1                    1                     4           
          0                     1                     -1                    -1          
          1                     1                     -2                    -3          

========================================================================================
      Iteration                 A                     B                     C           
          1             0.4444444444444445    0.6666666666666665    2.0555555555555554  
          2             0.8703703703703703    1.0555555555555554    2.462962962962963   
          3             0.8641975308641975    1.4629629629629628     2.66358024691358   
          4             0.933127572016461     1.6635802469135799    2.7983539094650203  
          5             0.9550754458161865    1.7983539094650203    2.8767146776406034  
          6             0.9738797439414723    1.8767146776406034    2.9252972107910375  
          7             0.9838058222831886    1.9252972107910375    2.954551516537113   
          8             0.9902485647513082    1.954551516537113     2.9724000406442106  
          9             0.9940504919643008    1.9724000406442106    2.983225266304256   
          10            0.9963915914466516    1.983225266304256     2.989808428875454   
          11            0.9978056124762674    1.9898084288754538    2.9938070206758605  
          12            0.9986671360665311    1.9938070206758605    2.9962370783711956  
          13            0.9991899807682216    1.9962370783711956    2.9977135295697086  
          14            0.9995078496004957    1.9977135295697086    2.998610689585102   
          15            0.9997009466615355    1.9986106895851021    2.999155818123319   
          16            0.9998182904872611    1.9991558181233189    2.9994870543052903  
          17            0.9998895879393429    1.9994870543052903    2.9996883211223166  
          18            0.9999329110609912    1.9996883211223166    2.9998106160916542  
          19            0.9999592350102208    1.9998106160916542    2.9998849255509374  
          20            0.9999752301802389    1.9998849255509374    2.999930077865588   
          21            0.9999849492284497    1.9999300778655882    2.999957513547019   
          22            0.9999908547728564    1.999957513547019     2.999974184159938   
          23            0.999994443129027     1.9999741841599379    2.9999843136444824  
          24            0.9999966235051518    1.9999843136444824    2.999990468574817   
          25            0.9999979483565551    1.999990468574817     2.999994208465686   
          26            0.9999987533697103    1.999994208465686     2.999996480917698   
          27            0.999999242515996     1.999996480917698     2.999997861716847   
          28            0.9999995397336171    1.9999978617168468    2.9999987007252322  
          29            0.9999997203305382    1.9999987007252322    2.999999210527885   
          30            0.9999998300657823    1.9999992105278852    2.999999520296834   
          31            0.9999998967436837    1.999999520296834     2.9999997085202588  
          32            0.9999999372588584    1.9999997085202588    2.9999998228895586  
          33            0.9999999618769001    1.9999998228895586    2.9999998923832294  
          34            0.9999999768354431    1.9999998923832294    2.9999999346093364  
          35            0.999999985924631     1.9999999346093364    2.999999960266984   
          36            0.9999999914474508    1.999999960266984     2.999999975857217   
          37            0.9999999948032556    1.9999999758572171    2.9999999853302364  
          38            0.9999999968423269    1.9999999853302364    2.9999999910862813  
          39            0.9999999980813183    1.9999999910862813     2.9999999945838    
          40            0.9999999988341605     1.9999999945838       2.99999999670898   
          41            0.9999999992916067     1.99999999670898     2.9999999980002934  
          42            0.9999999995695622    1.9999999980002934    2.9999999987849275  
          43            0.9999999997384553    1.9999999987849275    2.9999999992616915  
          44            0.9999999998410787    1.9999999992616915    2.999999999551385   
          45            0.9999999999034355    1.999999999551385      2.99999999972741   
          46            0.999999999941325      1.99999999972741     2.9999999998343676  
          47            0.9999999999643475    1.9999999998343676    2.999999999899358   
          48            0.9999999999783366    1.9999999998993578    2.999999999938847   
          49            0.9999999999868369    1.9999999999388471    2.999999999962842   
          50            0.9999999999920016    1.9999999999628422    2.9999999999774216  
          51            0.9999999999951402    1.9999999999774216    2.999999999986281   
          52            0.9999999999970468    1.9999999999862812    2.999999999991664   
          53            0.9999999999982058    1.999999999991664     2.9999999999949347  
          54            0.9999999999989098    1.9999999999949347    2.9999999999969225  
          55            0.9999999999993374    1.9999999999969225     2.99999999999813   
          56            0.9999999999995975     1.99999999999813     2.999999999998864   
          57            0.9999999999997553    1.999999999998864      2.99999999999931   
          58            0.9999999999998513    1.9999999999993099    2.999999999999581   
          59            0.9999999999999097    1.9999999999995808    2.999999999999745   
          60            0.9999999999999453    1.999999999999745     2.9999999999998455  
          61            0.9999999999999666    1.9999999999998455    2.999999999999906   
          62            0.9999999999999799    1.9999999999999059    2.999999999999943   
          63            0.9999999999999876    1.9999999999999432    2.9999999999999654  
          64            0.9999999999999926    1.9999999999999654    2.9999999999999787  
          65            0.9999999999999956    1.9999999999999787    2.999999999999987   
          66            0.9999999999999972    1.9999999999999871    2.999999999999992   
          67            0.9999999999999983    1.999999999999992     2.999999999999995   
          68            0.999999999999999     1.9999999999999951    2.9999999999999973  
          69            0.9999999999999992    1.9999999999999973    2.9999999999999982  
          70            0.9999999999999997    1.9999999999999982    2.999999999999999   
          71            0.9999999999999997    1.9999999999999991    2.999999999999999   
          72                   1.0            1.9999999999999991    2.9999999999999996  
          73            0.9999999999999999    1.9999999999999996           3.0          
          74            0.9999999999999999           2.0                   3.0          
          75                   1.0                   2.0                   3.0          
