------------------------------ Jacobi Method ------------------------------
[User Input Linear Equation]
          4                     2                     0                     2           
          2                     10                    4                     6           
          0                     4                     5                     5           

[Updated Linear Equation]
          4                     2                     0                     2           
          2                     10                    4                     6           
          0                     4                     5                     5           

========================================================================================
      Iteration                 A                     B                     C           
          1                    0.5                   0.6                   1.0          
          2                    0.2                   0.1                   0.52         
          3                    0.45                 0.352           0.9199999999999999  
          4                   0.324                 0.142                 0.7184        
          5                   0.429          0.24783999999999998    0.8864000000000001  
          6                  0.37608               0.15964               0.801728       
          7                  0.42018         0.20409280000000002         0.872288       
          8                 0.3979536        0.16704880000000005        0.83672576      
          9            0.41647559999999995   0.18571897599999998        0.86636096      
          10               0.407140512           0.170160496           0.8514248192     
          11               0.414919752       0.17800196992000003       0.8638716032     
          12           0.41099901503999997   0.17146740832000001      0.857598424064    
          13           0.41426629583999997   0.17476082736640003      0.862826073344    
          14           0.41261958631679996   0.17201631149440005     0.86019133810688   
          15             0.4139918442528     0.17339954749388803     0.86238695080448   
          16           0.41330022625305596   0.17224685082764796    0.8612803620048896  
          17            0.413876574586176    0.17282780994743296    0.8622025193378816  
          18            0.4135860950262835    0.1723436773476122    0.8617377520420536  
          19           0.41382816132619393   0.17258768017792186    0.8621250581219103  
          20            0.4137061599110391   0.17238434448599707    0.8619298558576626  
          21            0.4138078277570015   0.17248682567472712    0.8620925244112023  
          22            0.4137565871626364    0.1724014246841188    0.8620105394602182  
          23            0.4137992876579406    0.1724444667833854    0.862078860252705   
          24            0.4137777666083073   0.17240859836732988    0.8620444265732917  
          25           0.41379570081633504   0.17242667604902184    0.8620731213061361  
          26            0.4137866619754891   0.17241161131427854    0.8620586591607825  
          27           0.41379419434286074   0.17241920394058924    0.8620707109485771  
          28            0.4137903980297054   0.17241287675199696    0.8620646368475287  
          29            0.4137935616240015   0.17241606565504747    0.8620696985984024  
          30           0.41379196717247624    0.1724134082358387    0.862067147475962   
          31           0.41379329588208064   0.17241474757511996    0.8620692734113291  
          32             0.41379262621244    0.17241363145905222    0.8620682019399041  
          33            0.4137931842704739    0.1724141939815504    0.8620690948327582  
          34            0.4137929030092248   0.17241372521280196    0.8620686448147596  
          35            0.413793137393599    0.17241396147225121    0.8620690198297585  
          36            0.4137930192638744   0.17241376458937677    0.862068830822199   
          37           0.41379311770531163   0.17241386381834553    0.8620689883284985  
          38            0.4137930680908272   0.17241378112753827    0.8620689089453236  
          39            0.4137931094362309   0.17241382280370515    0.8620689750979693  
          40           0.41379308859814745    0.1724137880735661    0.862068941757036   
          41           0.41379310596321695    0.1724138055775561    0.8620689695411471  
          42            0.4137930972112219   0.17241379099089774    0.862068955537955   
          43           0.41379310450455115   0.17241379834257362    0.8620689672072818  
          44            0.4137931008287132    0.1724137922161771    0.8620689613259411  
          45            0.4137931038919115   0.17241379530388096    0.8620689662270584  
          46           0.41379310234805955   0.17241379273079432    0.8620689637568952  
          47           0.41379310363460287   0.17241379402763002    0.8620689658153646  
          48            0.413793102986185     0.1724137929469336    0.862068964777896   
          49            0.4137931035265332   0.17241379349160457    0.8620689656424532  
          50            0.4137931032541977    0.1724137930377121    0.8620689652067164  
          51           0.41379310348114395    0.1724137932664739    0.8620689655698304  
          52           0.41379310336676306    0.172413793075839     0.8620689653868208  
          53            0.4137931034620805   0.17241379317191904    0.8620689655393289  
          54           0.41379310341404046   0.17241379309185234    0.8620689654624648  
          55           0.41379310345407383    0.172413793132206     0.8620689655265181  
          56           0.41379310343389697    0.172413793098578     0.8620689654942352  
          57            0.413793103450711    0.17241379311552657    0.8620689655211375  
          58           0.41379310344223674   0.17241379310140276    0.8620689655075788  
          59           0.41379310344929865   0.17241379310852115    0.8620689655188778  
          60           0.41379310344573944   0.17241379310258917    0.862068965513183   
          61            0.4137931034487054   0.17241379310557886    0.8620689655179288  
          62           0.41379310344721054   0.17241379310308744    0.8620689655155369  
          63           0.41379310344845627   0.17241379310434315    0.8620689655175301  
          64           0.41379310344782844    0.1724137931032967    0.8620689655165255  
          65           0.41379310344835163    0.1724137931038241    0.8620689655173626  
          66           0.41379310344808795   0.17241379310338462    0.8620689655169407  
          67           0.41379310344830766   0.17241379310360613    0.8620689655172923  
          68            0.4137931034481969    0.1724137931034216    0.8620689655171152  
          69           0.41379310344828923   0.17241379310351457    0.8620689655172628  
          70            0.4137931034482427   0.17241379310343702    0.8620689655171884  
          71           0.41379310344828146    0.1724137931034761    0.8620689655172503  
          72            0.4137931034482619    0.1724137931034436    0.8620689655172191  
          73            0.4137931034482782   0.17241379310345994    0.8620689655172452  
          74             0.41379310344827    0.17241379310344626    0.862068965517232   
          75           0.41379310344827686    0.1724137931034532    0.8620689655172431  
          76            0.4137931034482734   0.17241379310344743    0.8620689655172373  
          77            0.4137931034482763   0.17241379310345034    0.862068965517242   
          78            0.4137931034482748   0.17241379310344795    0.8620689655172397  
          79            0.413793103448276     0.1724137931034492    0.8620689655172417  
          80            0.4137931034482754   0.17241379310344812    0.8620689655172405  
          81            0.4137931034482759   0.17241379310344868    0.8620689655172414  
          82            0.4137931034482757   0.17241379310344823    0.8620689655172411  
          83            0.4137931034482759    0.1724137931034484    0.8620689655172414  
          84            0.4137931034482758   0.17241379310344823    0.8620689655172413  
       Solution         0.4137931034482758   0.17241379310344823    0.8620689655172413  
