------------------------------ Inverse Matrix Method ------------------------------
[User Input Linear Equation]
         2.0                   2.0                   2.0                   4.0          
         2.0                   -1.0                  1.0                   -1.0         
         -1.0                  -1.0                  2.0                   -5.0         

[Updated Linear Equation]
         2.0                   2.0                   2.0                   4.0          
         2.0                   -1.0                  1.0                   -1.0         
         -1.0                  -1.0                  2.0                   -5.0         

==========================================================================================
Elementary Matrix [1]
         0.5                   0.0                   0.0          
         0.0                   1.0                   0.0          
         0.0                   0.0                   1.0          

Pre Multiply Matrix [1]
         2.0                   2.0                   2.0          
         2.0                   -1.0                  1.0          
         -1.0                  -1.0                  2.0          

After Multiply Matrix [1]
         1.0                   1.0                   1.0          
         2.0                   -1.0                  1.0          
         -1.0                  -1.0                  2.0          
==========================================================================================
Elementary Matrix [2]
         1.0                   0.0                   0.0          
         -2.0                  1.0                   0.0          
         0.0                   0.0                   1.0          

Pre Multiply Matrix [2]
         1.0                   1.0                   1.0          
         2.0                   -1.0                  1.0          
         -1.0                  -1.0                  2.0          

After Multiply Matrix [2]
         1.0                   1.0                   1.0          
         0.0                   -3.0                  -1.0         
         -1.0                  -1.0                  2.0          
==========================================================================================
Elementary Matrix [3]
         1.0                   0.0                   0.0          
         0.0                   1.0                   0.0          
         1.0                   0.0                   1.0          

Pre Multiply Matrix [3]
         1.0                   1.0                   1.0          
         0.0                   -3.0                  -1.0         
         -1.0                  -1.0                  2.0          

After Multiply Matrix [3]
         1.0                   1.0                   1.0          
         0.0                   -3.0                  -1.0         
         0.0                   0.0                   3.0          
==========================================================================================
Elementary Matrix [4]
         1.0                   0.0                   0.0          
         0.0           -0.3333333333333333           0.0          
         0.0                   0.0                   1.0          

Pre Multiply Matrix [4]
         1.0                   1.0                   1.0          
         0.0                   -3.0                  -1.0         
         0.0                   0.0                   3.0          

After Multiply Matrix [4]
         1.0                   1.0                   1.0          
         0.0                   1.0            0.3333333333333333  
         0.0                   0.0                   3.0          
==========================================================================================
Elementary Matrix [5]
         1.0                   0.0                   0.0          
         0.0                   1.0                   0.0          
         0.0                   0.0            0.3333333333333333  

Pre Multiply Matrix [5]
         1.0                   1.0                   1.0          
         0.0                   1.0            0.3333333333333333  
         0.0                   0.0                   3.0          

After Multiply Matrix [5]
         1.0                   1.0                   1.0          
         0.0                   1.0            0.3333333333333333  
         0.0                   0.0                   1.0          
==========================================================================================
Elementary Matrix [6]
         1.0                   0.0                   0.0          
         0.0                   1.0           -0.3333333333333333  
         0.0                   0.0                   1.0          

Pre Multiply Matrix [6]
         1.0                   1.0                   1.0          
         0.0                   1.0            0.3333333333333333  
         0.0                   0.0                   1.0          

After Multiply Matrix [6]
         1.0                   1.0                   1.0          
         0.0                   1.0                   0.0          
         0.0                   0.0                   1.0          
==========================================================================================
Elementary Matrix [7]
         1.0                   0.0                   -1.0         
         0.0                   1.0                   0.0          
         0.0                   0.0                   1.0          

Pre Multiply Matrix [7]
         1.0                   1.0                   1.0          
         0.0                   1.0                   0.0          
         0.0                   0.0                   1.0          

After Multiply Matrix [7]
         1.0                   1.0                   0.0          
         0.0                   1.0                   0.0          
         0.0                   0.0                   1.0          
==========================================================================================
Elementary Matrix [8]
         1.0                   -1.0                  0.0          
         0.0                   1.0                   0.0          
         0.0                   0.0                   1.0          

Pre Multiply Matrix [8]
         1.0                   1.0                   0.0          
         0.0                   1.0                   0.0          
         0.0                   0.0                   1.0          

After Multiply Matrix [8]
         1.0                   0.0                   0.0          
         0.0                   1.0                   0.0          
         0.0                   0.0                   1.0          
==========================================================================================
Linear Equation Solution With Round Error [9]
  1.0000000000000002  
         2.0          
 -0.9999999999999999  

Linear Equation Final Solution [9]
         1.0          
         2.0          
         -1.0         
