------------------------------ LU Method ------------------------------
[User Input Linear Equation]
         2.0                   2.0                   2.0                   4.0          
         2.0                   -1.0                  1.0                   -1.0         
         -1.0                  -1.0                  2.0                   -5.0         

[Updated Linear Equation]
         2.0                   2.0                   2.0                   4.0          
         2.0                   -1.0                  1.0                   -1.0         
         -1.0                  -1.0                  2.0                   -5.0         

==========================================================================================
Elementary Matrix [1]
         1.0                   0.0                   0.0          
         -1.0                  1.0                   0.0          
         0.0                   0.0                   1.0          

Pre Multiply Matrix [1]
         2.0                   2.0                   2.0          
         2.0                   -1.0                  1.0          
         -1.0                  -1.0                  2.0          

After Multiply Matrix [1]
         2.0                   2.0                   2.0          
         0.0                   -3.0                  -1.0         
         -1.0                  -1.0                  2.0          
==========================================================================================
Elementary Matrix [2]
         1.0                   0.0                   0.0          
         0.0                   1.0                   0.0          
         0.5                   0.0                   1.0          

Pre Multiply Matrix [2]
         2.0                   2.0                   2.0          
         0.0                   -3.0                  -1.0         
         -1.0                  -1.0                  2.0          

After Multiply Matrix [2]
         2.0                   2.0                   2.0          
         0.0                   -3.0                  -1.0         
         0.0                   0.0                   3.0          
==========================================================================================
Linear Equation Final Solution [3]
         1.0          
         2.0          
         -1.0         
